25
27312 49380
224692 885252
97216 216450
700544 705741
226108 789695
317400 456230
994532 557836
672572 917451
641016 65696
204828 771234
336500 22326
692139 11084
172800 68271
876470 15896
819100 253789
850288 713120
630418 874814
583125 261990
986654 57943
811464 414200
480773 801506
958941 544696
131099 845211
576688 52160
603748 626208
924649 77608
560425 220758
680554 751708
79022 809000
766800 873456
439440 419935
963668 616160
249692 296313
544280 576656
31789 682531
859760 671560
49927 302908
316215 985067
271560 474290
918741 860356
35342 276300
869714 582300
267040 275008
75466 280960
741432 794048
876486 569360
76785 534700
327593 696912
12304 789120
422640 290448
405664 338370
259155 203283
390136 379176
575470 165917
166044 798480
918640 650348
358500 84734
881317 542561
156250 953058
680036 868990
896960 379894
120856 347255
969971 466958
942370 496845
63782 48944
543520 63386
40000 177956
957065 361664
274858 423052
780983 44880
891476 719022
726532 443076
133270 938349
773348 887039
451150 340600
519860 411292
863866 271686
13848 372036
703792 561162
561775 99578
182400 913965
655058 940970
648352 57457
707024 30428
844828 378504
705979 998554
831900 919063
925737 905998
444800 791975
668357 822560
440207 375134
251208 862177
12163 310800
357120 832344
516318 82332
47965 50214
864265 780157
425680 983609
377600 146996
921344 108335
